-3.303249180316925049e-01
-3.120805025100708008e-01
1.244760036468505859e+00
-3.485098183155059814e-01
-3.391102850437164307e-01
-3.238599598407745361e-01
-1.100893691182136536e-01
-2.093055248260498047e-01
-1.371339708566665649e-01
-3.016535639762878418e-01
-2.912838459014892578e-01
-2.403154522180557251e-01
-3.139002025127410889e-01
-1.700956970453262329e-01
-1.628581285476684570e-01
1.802846789360046387e-01
-2.122228443622589111e-01
-3.655459880828857422e-01
-3.088653385639190674e-01
-2.995449900627136230e-01
4.440874457359313965e-01
-3.151985406875610352e-01
-2.100038975477218628e-01
-2.802423834800720215e-01
-2.270438373088836670e-01
-2.986640036106109619e-01
-1.265894174575805664e-01
-1.422692388296127319e-01
-3.019198477268218994e-01
-9.564129263162612915e-02
-3.318861424922943115e-01
1.482621431350708008e-01
-3.437195718288421631e-01
-1.372500509023666382e-01
-2.240860611200332642e-01
-3.219126760959625244e-01
-5.778668448328971863e-02
-2.350245565176010132e-01
-2.924998998641967773e-01
-2.352812886238098145e-01
-3.360671103000640869e-01
-3.859243169426918030e-02
-3.459441065788269043e-01
-3.422265648841857910e-01
-3.127928674221038818e-01
-2.481607645750045776e-01
-1.404725313186645508e-01
-2.970572412014007568e-01
-1.984269618988037109e-01
-3.105935156345367432e-01
-3.166730403900146484e-01
-2.002750486135482788e-01
-3.169725835323333740e-01
-2.605375647544860840e-01
-1.989740282297134399e-01
-2.166236191987991333e-01
1.102701902389526367e+00
-2.793330848217010498e-01
-1.606907099485397339e-01
-3.583048880100250244e-01
-2.486754655838012695e-01
-2.309225946664810181e-01
4.435529112815856934e-01
-1.199953109025955200e-01
-3.105776906013488770e-01
-2.916624546051025391e-01
-9.768078476190567017e-02
-2.819067835807800293e-01
-3.283380866050720215e-01
-5.864339414983987808e-03
-2.354977875947952271e-01
-3.086007833480834961e-01
-9.332587569952011108e-02
-3.191215097904205322e-01
-1.790859252214431763e-01
-1.454151272773742676e-01
7.424928992986679077e-02
-2.027547657489776611e-01
-3.448578119277954102e-01
-3.297597467899322510e-01
-4.253746569156646729e-02
-2.053248882293701172e-01
2.055241465568542480e-01
2.160074934363365173e-02
-1.432368457317352295e-01
-3.532628715038299561e-01
-3.558402061462402344e-01
-2.884067595005035400e-01
-3.115083873271942139e-01
3.008323311805725098e-01
-2.883877754211425781e-01
-7.644665986299514771e-02
-3.682631254196166992e-01
-2.955746948719024658e-01
-3.390587270259857178e-01
3.668808341026306152e-01
-1.243843436241149902e-01
5.215319991111755371e-01
-3.343246579170227051e-01
-3.297204673290252686e-01
-3.371244668960571289e-01
-2.843603491783142090e-01
-2.770540416240692139e-01
-2.610478103160858154e-01
-1.532130688428878784e-01
-2.860451638698577881e-01
-2.984111607074737549e-01
7.693716883659362793e-02
-2.983849644660949707e-01
-2.778086066246032715e-01
-2.699817419052124023e-01
-3.570765256881713867e-01
-1.088385209441184998e-01
-1.834863871335983276e-01
-2.328262478113174438e-01
-3.485805094242095947e-01
-3.126541078090667725e-01
-2.355595976114273071e-01
-3.221949636936187744e-01
-3.138034343719482422e-01
-2.037645429372787476e-01
-3.267787694931030273e-01
-2.940084934234619141e-01
1.053542122244834900e-01
-2.823413908481597900e-01
-3.386062979698181152e-01
-3.040217459201812744e-01
-2.782107293605804443e-01
1.460733264684677124e-01
-3.093087077140808105e-01
-2.986052036285400391e-01
-2.733104228973388672e-01
-3.272382318973541260e-01
-1.670023053884506226e-01
-3.245612680912017822e-01
2.808394432067871094e-01
-1.620304733514785767e-01
-2.873003780841827393e-01
-3.244142234325408936e-01
-9.964497387409210205e-02
-1.406150609254837036e-01
-1.432601958513259888e-01
3.339543938636779785e-01
-2.564803361892700195e-01
-3.577107787132263184e-01
-2.424149960279464722e-01
-3.535119295120239258e-01
-2.732619345188140869e-01
-3.298356533050537109e-01
-3.554235100746154785e-01
-3.105548918247222900e-01
-2.398671060800552368e-01
-3.032968044281005859e-01
-1.526889950037002563e-01
-3.608033657073974609e-01
-2.920401096343994141e-01
2.432360500097274780e-01
-8.083800971508026123e-02
-3.100542724132537842e-01
-1.074703261256217957e-01
-1.088611632585525513e-01
-2.427467405796051025e-01
-3.091194666922092438e-02
2.775313854217529297e-01
-3.306387960910797119e-01
4.148545861244201660e-01
-3.327679038047790527e-01
-1.552583277225494385e-01
-2.013104557991027832e-01
-3.012863453477621078e-03
-2.767259478569030762e-01
7.908680438995361328e-01
-1.249891221523284912e-01
1.752321608364582062e-02
-3.373154997825622559e-01
-3.013927042484283447e-01
-2.564108371734619141e-01
-2.813144028186798096e-01
-1.886706650257110596e-01
-3.635567724704742432e-01
-2.754914760589599609e-01
7.956283688545227051e-01
5.124415159225463867e-01
3.631651103496551514e-01
3.750466182827949524e-02
-3.028452098369598389e-01
1.354085188359022141e-02
-2.607092559337615967e-01
8.643211424350738525e-02
-2.394927144050598145e-01
-3.421647846698760986e-01
-3.292427957057952881e-01
-3.280804753303527832e-01
-2.863834202289581299e-01
-2.663026750087738037e-01
-2.215145975351333618e-01
-1.515245437622070312e-01
1.124593615531921387e-01
1.875493973493576050e-01
-3.450744748115539551e-01
-3.682821989059448242e-01
-2.808015644550323486e-01
-2.762796580791473389e-01
-3.228285908699035645e-01
-3.345389962196350098e-01
5.082241818308830261e-02
1.692086011171340942e-01
-1.962027996778488159e-01
-2.517283558845520020e-01
3.893578946590423584e-01
-2.719404697418212891e-01
-1.524269133806228638e-01
-1.859557479619979858e-01
-2.953146994113922119e-01
-3.643483519554138184e-01
-2.775104045867919922e-01
-2.726619243621826172e-01
1.805891543626785278e-01
2.295798212289810181e-01
-2.766661643981933594e-01
-3.478305339813232422e-01
-1.198432222008705139e-01
-2.868327796459197998e-01
-3.311648964881896973e-01
-2.537891864776611328e-01
-3.139664530754089355e-01
-2.282118499279022217e-01
7.671868801116943359e-02
-3.305468559265136719e-01
2.571510076522827148e-01
-2.634087502956390381e-01
-2.925440967082977295e-01
-3.264619708061218262e-01
-3.004342615604400635e-01
-1.966547220945358276e-01
-1.908105015754699707e-01
-2.645836584270000458e-02
3.498591482639312744e-01
2.148073017597198486e-01
-3.364175260066986084e-01
-2.600446641445159912e-01
-3.549941182136535645e-01
-2.318251281976699829e-01
-3.525000512599945068e-01
-2.621071934700012207e-01
-2.625290155410766602e-01
-3.155175149440765381e-01
-3.255907595157623291e-01
-3.643627166748046875e-01
-2.533953189849853516e-01
-3.199840784072875977e-01
-1.204786226153373718e-01
-2.167409658432006836e-01
1.362031791359186172e-02
-3.336714506149291992e-01
-2.733905315399169922e-01
-1.168097481131553650e-01
-1.922836452722549438e-01
-1.132230013608932495e-01
1.099466085433959961e-01
-3.013288974761962891e-01
-2.777654826641082764e-01
-2.987346649169921875e-01
-2.065219432115554810e-01
-3.612251281738281250e-01
-2.343963682651519775e-01
-2.051011174917221069e-01
-3.632942140102386475e-01
1.756151393055915833e-02
-3.180068135261535645e-01
-9.443776682019233704e-03
4.653359577059745789e-02
-2.563948333263397217e-01
-1.461663544178009033e-01
-3.664703071117401123e-01
-3.090500533580780029e-01
-3.023470938205718994e-01
-1.918594241142272949e-01
-1.862272471189498901e-01
-1.588794291019439697e-01
-1.546550542116165161e-01
-2.048126459121704102e-01
-1.751729995012283325e-01
3.148423433303833008e-01
-2.672227025032043457e-01
-1.955078244209289551e-01
-3.138214945793151855e-01
-2.769665718078613281e-01
-1.541084200143814087e-01
-2.883470952510833740e-01
-2.129509598016738892e-01
-3.176461160182952881e-01
1.100679710507392883e-01
-2.390691787004470825e-01
-2.543940842151641846e-01
-3.888053447008132935e-02
-2.688143849372863770e-01
7.077204585075378418e-01
-2.474617213010787964e-01
-1.963449418544769287e-01
-2.211249470710754395e-01
-2.684973180294036865e-01
-3.281530141830444336e-01
-3.689430058002471924e-01
1.401692926883697510e-01
-3.312174081802368164e-01
7.517848908901214600e-02
0.000000000000000000e+00
-3.264597058296203613e-01
-2.060224115848541260e-02
-2.594429254531860352e-01
-2.112069875001907349e-01
-3.576160371303558350e-01
-2.945330142974853516e-01
-1.939976401627063751e-02
-2.361304163932800293e-01
5.146725177764892578e-01
2.155281007289886475e-01
-3.251902759075164795e-01
-3.056153655052185059e-01
-2.824833989143371582e-01
-2.074394375085830688e-01
-1.087989807128906250e-01
-3.297343850135803223e-01
-2.521667778491973877e-01
-3.090668022632598877e-01
-3.568668067455291748e-01
-2.725523412227630615e-01
-1.510219424962997437e-01
1.577924042940139771e-01
-3.480949699878692627e-01
1.521966755390167236e-01
-2.668750882148742676e-01
-3.410462439060211182e-01
-2.466933131217956543e-01
-2.278043329715728760e-01
-2.960884273052215576e-01
4.883673787117004395e-02
-1.530859619379043579e-01
-3.642491996288299561e-01
-2.503354847431182861e-01
-3.223074972629547119e-01
-3.341742455959320068e-01
-1.657937169075012207e-01
-3.002448976039886475e-01
-3.540818393230438232e-01
-2.682018280029296875e-01
-3.004679381847381592e-01
-2.199826389551162720e-01
-3.137479424476623535e-01
-7.474170625209808350e-02
3.499215841293334961e-01
-1.763760112226009369e-02
-3.522453606128692627e-01
-2.854900956153869629e-01
-2.897279858589172363e-01
-3.043105900287628174e-01
-3.418938815593719482e-01
-2.007407546043395996e-01
-2.584960758686065674e-01
-3.476977050304412842e-01
-9.082186222076416016e-02
-3.206032216548919678e-01
-2.876526713371276855e-01
-2.705565989017486572e-01
-3.319662511348724365e-01
-1.450330018997192383e-01
-2.078101038932800293e-01
-2.310520261526107788e-01
-2.605899870395660400e-01
-3.343702852725982666e-01
-3.544874489307403564e-01
-2.818957269191741943e-01
-1.629085093736648560e-01
-2.116887569427490234e-01
-1.554334610700607300e-01
-3.634983897209167480e-01
-2.784346640110015869e-01
-2.649919092655181885e-01
-3.272436857223510742e-01
-1.924895495176315308e-01
-2.457357496023178101e-01
-2.141064554452896118e-01
-3.514241576194763184e-01
-1.642018109560012817e-01
-3.141765892505645752e-01
-2.941485345363616943e-01
-2.451144307851791382e-01
-2.727655768394470215e-01
-3.448413014411926270e-01
-3.474975824356079102e-01
-3.442768156528472900e-01
-6.293173879384994507e-02
-3.450819849967956543e-01
-3.369555473327636719e-01
-2.932312712073326111e-02
-2.183895111083984375e-01
-2.769884169101715088e-01
-1.616161018610000610e-01
-3.022718131542205811e-01
2.473374009132385254e-01
-2.122073620557785034e-01
-2.779141366481781006e-01
-2.673300206661224365e-01
-1.566275954246520996e-01
-3.459959328174591064e-01
-2.511895298957824707e-01
-3.161942660808563232e-01
-2.614494562149047852e-01
-2.769705653190612793e-02
-3.092672824859619141e-01
-3.247744441032409668e-01
-3.480360507965087891e-01
-3.241818845272064209e-01
-3.030147254467010498e-01
-3.106259405612945557e-01
-2.142140120267868042e-01
-2.733254432678222656e-01
-1.710564494132995605e-01
-2.503035664558410645e-01
-6.121606752276420593e-02
-1.966159194707870483e-01
-9.129222482442855835e-02
-3.615300357341766357e-01
-3.806855157017707825e-02
-2.726845070719718933e-02
-2.799770534038543701e-01
-3.108384013175964355e-01
-2.476198375225067139e-01
-8.462177217006683350e-02
-3.554192483425140381e-01
-1.047291383147239685e-01
-2.913694083690643311e-01
-3.495153188705444336e-01
-2.753208279609680176e-01
-2.889985144138336182e-01
-3.217005729675292969e-01
-2.978099882602691650e-01
-3.429727852344512939e-01
-9.203618019819259644e-02
7.823780775070190430e-01
-3.499505817890167236e-01
-1.485289931297302246e-01
-1.734879910945892334e-01
-3.301529884338378906e-01
-2.667604088783264160e-01
-2.449503690004348755e-01
-3.415238559246063232e-01
-2.062872499227523804e-01
2.526404857635498047e-01
-3.289709985256195068e-01
-2.438219934701919556e-01
-3.883473575115203857e-02
-3.259659707546234131e-01
-3.432196080684661865e-01
-2.217241823673248291e-01
-2.802927792072296143e-01
-3.609240055084228516e-01
-3.293683826923370361e-01
-2.545864284038543701e-01
-2.695898711681365967e-01
-1.725130826234817505e-01
-3.384550511837005615e-01
-3.045181035995483398e-01
-1.904926151037216187e-01
-3.394478857517242432e-01
-1.778804212808609009e-01
-2.875688076019287109e-01
-1.036062315106391907e-01
-2.858973145484924316e-01
-3.644444346427917480e-01
-2.045921087265014648e-01
-2.855602204799652100e-01
-1.851645261049270630e-01
-1.589876413345336914e-01
-2.198648899793624878e-01
-3.497180640697479248e-01
2.361509948968887329e-01
-3.514086008071899414e-01
1.097264885902404785e-01
-2.565058767795562744e-01
-3.474995493888854980e-02
-1.846368424594402313e-02
-3.606810271739959717e-01
8.343924582004547119e-02
-3.548530340194702148e-01
-2.652055919170379639e-01
-3.374007046222686768e-01
-3.258706033229827881e-01
-3.583598732948303223e-01
-2.996743619441986084e-01
4.117662087082862854e-02
4.554360732436180115e-02
-1.581196933984756470e-01
2.207176992669701576e-03
-3.068065345287322998e-01
-2.135208100080490112e-01
2.968421205878257751e-02
-1.562822461128234863e-01
-2.155521810054779053e-01
-2.910743951797485352e-01
-3.311491310596466064e-01
-1.270789951086044312e-01
-3.528588414192199707e-01
-2.877776920795440674e-01
-4.693901166319847107e-02
-6.560399197041988373e-03
-2.160271406173706055e-01
-3.477386236190795898e-01
-2.359199076890945435e-01
-3.343038260936737061e-01
-3.691861033439636230e-01
-3.306277394294738770e-01
7.811748981475830078e-02
-3.258694112300872803e-01
-2.551957368850708008e-01
1.112700104713439941e-01
-3.413189947605133057e-01
-2.995530664920806885e-01
1.421692371368408203e-01
-2.090338915586471558e-01
-3.030293583869934082e-01
1.139167137444019318e-02
-7.255026698112487793e-02
-2.451425343751907349e-01
-3.580847084522247314e-01
-1.541382968425750732e-01
-2.709525823593139648e-01
-3.580323755741119385e-01
-2.553774602711200714e-02
-3.226657509803771973e-01
-3.374635279178619385e-01
-2.687602639198303223e-01
6.509643197059631348e-01
-3.984527289867401123e-02
-1.687533855438232422e-01
2.405208349227905273e-01
-3.637497127056121826e-01
-3.158067166805267334e-01
-2.659939229488372803e-01
-3.405917286872863770e-01
-1.917999088764190674e-01
-2.669334113597869873e-01
-1.121785044670104980e-01
-2.752528488636016846e-01
-2.273492664098739624e-01
-2.990274429321289062e-01
-2.631504237651824951e-01
-3.666697144508361816e-01
-1.800085157155990601e-01
9.912276873365044594e-04
-2.643998265266418457e-01
-3.042042553424835205e-01
-5.995740741491317749e-02
-3.442758321762084961e-01
-1.626056134700775146e-01
-1.236351281404495239e-01
-8.107630908489227295e-02
-1.264444459229707718e-02
-2.930204868316650391e-01
-1.451020985841751099e-01
-2.941669821739196777e-01
-3.220282196998596191e-01
3.019828535616397858e-02
-2.619009315967559814e-01
-3.414312899112701416e-01
7.218320667743682861e-02
2.280050367116928101e-01
-3.300392031669616699e-01
1.702569276094436646e-01
2.558787725865840912e-02
-3.226217329502105713e-01
-3.438502252101898193e-01
-3.134844899177551270e-01
-5.963376909494400024e-02
-1.059686243534088135e-01
-6.447479128837585449e-02
7.149234414100646973e-01
-3.021235167980194092e-01
-1.741267591714859009e-01
-2.406632304191589355e-01
-3.695768117904663086e-02
-3.017251491546630859e-01
-3.476973474025726318e-01
-1.267127692699432373e-01
-3.293126225471496582e-01
-2.377953231334686279e-01
-3.445125520229339600e-01
5.561988353729248047e-01
-3.105888068675994873e-01
-2.716194391250610352e-01
-2.932780385017395020e-01
-3.326356112957000732e-01
-2.168620973825454712e-01
-3.528190851211547852e-01
-8.772905170917510986e-02
-3.513158261775970459e-01
-1.889761388301849365e-01
-2.762049734592437744e-01
-1.105088517069816589e-01
2.226611785590648651e-02
-2.923552989959716797e-01
-3.089210987091064453e-01
8.394484408199787140e-03
-3.545255064964294434e-01
-2.526836693286895752e-01
-2.233092486858367920e-01
2.425072193145751953e-01
-1.067732572555541992e-01
-3.387652933597564697e-01
1.548483371734619141e-01
-1.208001226186752319e-01
-1.610750108957290649e-01
-2.763893306255340576e-01
-3.204728066921234131e-01
-3.095709085464477539e-01
-3.385668694972991943e-01
-1.878901571035385132e-01
-3.645354136824607849e-02
-2.276917546987533569e-01
-3.311370909214019775e-01
-2.377672940492630005e-01
-6.836138665676116943e-02
-2.831479012966156006e-01
-2.667736113071441650e-01
-3.141498565673828125e-01
-2.017586827278137207e-01
6.422799825668334961e-01
-2.423824816942214966e-01
-7.386918365955352783e-02
-1.727553755044937134e-01
3.218041658401489258e-01
-3.338209688663482666e-01
-2.070390284061431885e-01
-9.993104636669158936e-02
-3.561126589775085449e-01
-2.224490344524383545e-01
-3.175926506519317627e-01
7.357531040906906128e-02
-2.529275119304656982e-01
-1.977989971637725830e-01
-3.563696146011352539e-01
-3.435016274452209473e-01
-3.282659947872161865e-01
-3.225421607494354248e-01
-1.520099192857742310e-01
-3.325979709625244141e-01
-7.046884298324584961e-02
1.666285991668701172e-01
-2.979986369609832764e-01
6.281725168228149414e-01
-2.683513164520263672e-01
-3.374145328998565674e-01
-2.821694314479827881e-01
-2.167619764804840088e-01
-2.285320907831192017e-01
-2.731952369213104248e-01
-2.593911886215209961e-01
-2.481759488582611084e-01
5.064634084701538086e-01
-2.271790802478790283e-01
8.566477149724960327e-02
-3.160751461982727051e-01
-2.925387918949127197e-01
-2.822947502136230469e-01
-2.355172336101531982e-01
-3.416803181171417236e-01
3.193208873271942139e-01
-1.167149841785430908e-01
8.866563439369201660e-03
-3.311654031276702881e-01
-7.288580387830734253e-02
-3.209904730319976807e-01
-1.175688654184341431e-01
-3.413624763488769531e-01
2.423584610223770142e-01
-2.572864294052124023e-01
2.843003273010253906e-01
-7.565259933471679688e-02
-1.240680962800979614e-01
-2.937277257442474365e-01
-1.616802215576171875e-01
-1.257221251726150513e-01
-3.846096619963645935e-02
-2.303318679332733154e-01
4.280884936451911926e-02
-1.639799922704696655e-01
-7.470425218343734741e-03
8.723729103803634644e-02
-3.643458485603332520e-01
2.498934864997863770e-01
-3.239766061305999756e-01
-1.668018102645874023e-01
-1.363722383975982666e-01
4.288365840911865234e-01
-3.228110074996948242e-01
-2.982627451419830322e-01
-2.713828682899475098e-01
-2.893348336219787598e-01
-3.100696206092834473e-01
-1.923705637454986572e-01
-2.352218143641948700e-03
-3.471474647521972656e-01
-2.341113984584808350e-01
-2.408787608146667480e-01
-3.192762732505798340e-01
-2.450085282325744629e-01
-1.133040189743041992e-01
-3.466327786445617676e-01
-3.393697142601013184e-01
-2.757123708724975586e-01
-1.624213606119155884e-01
-1.078812852501869202e-01
-3.109626471996307373e-01
-2.324432879686355591e-01
-1.471424847841262817e-01
-3.158817589282989502e-01
-1.519489288330078125e-01
-2.133039385080337524e-01
-3.361105620861053467e-01
-1.462813019752502441e-01
-2.273600995540618896e-01
-3.080980479717254639e-01
-2.564489841461181641e-01
-3.437084555625915527e-01
-1.821860522031784058e-01
-1.733578145503997803e-01
-3.356708288192749023e-01
-1.448826491832733154e-01
-1.376205235719680786e-01
-2.958065271377563477e-01
-2.490057647228240967e-01
6.572061777114868164e-01
-2.862414419651031494e-01
-1.676937192678451538e-01
-2.991366088390350342e-01
-1.355216652154922485e-01
-3.585071861743927002e-01
-5.193810537457466125e-02
-3.035521507263183594e-01
-3.285836577415466309e-01
-2.811880409717559814e-01
-2.954555451869964600e-01
-3.250545859336853027e-01
-2.107735872268676758e-01
-2.535637021064758301e-01
4.490227997303009033e-02
-2.472827285528182983e-01
-7.144504785537719727e-02
-1.262866109609603882e-01
-3.346610665321350098e-01
-2.470944821834564209e-01
-2.448425292968750000e-01
-3.502579033374786377e-01
-2.881526052951812744e-01
-3.263724446296691895e-01
5.112795531749725342e-02
-3.682163655757904053e-01
-2.588091790676116943e-01
3.420786857604980469e-01
-2.805240452289581299e-01
2.024143934249877930e-01
-3.650879859924316406e-01
-2.282512038946151733e-01
-2.561081051826477051e-01
-2.510178089141845703e-01
-1.082129403948783875e-01
1.603135168552398682e-01
-1.615826934576034546e-01
-3.304769992828369141e-01
-2.823507785797119141e-01
-2.778682708740234375e-01
-3.000009655952453613e-01
-3.107396960258483887e-01
5.386082082986831665e-02
-1.637383550405502319e-01
3.760601282119750977e-01
-2.543787062168121338e-01
-2.590624094009399414e-01
2.049346417188644409e-01
-5.490927770733833313e-02
-7.331212610006332397e-02
-1.177038848400115967e-01
-3.517654836177825928e-01
-2.058883160352706909e-01
-1.828254610300064087e-01
-2.925089299678802490e-01
-2.184893339872360229e-01
9.369225502014160156e-01
-6.493872404098510742e-02
-3.351567387580871582e-01
-1.914240121841430664e-01
-1.305504292249679565e-01
-3.455741703510284424e-01
-2.742610275745391846e-01
-2.472073882818222046e-01
-1.875463277101516724e-01
-3.379696309566497803e-01
-3.432182371616363525e-01
-2.598932087421417236e-01
1.442525088787078857e-01
-2.722219824790954590e-01
-1.895209699869155884e-01
-2.883296012878417969e-01
1.667464850470423698e-03
-1.212477385997772217e-01
-3.329717218875885010e-01
-2.059816867113113403e-01
-3.622145056724548340e-01
1.920559108257293701e-01
-3.528350591659545898e-01
-1.656270474195480347e-01
-1.970174759626388550e-01
-1.576164960861206055e-01
-3.237270116806030273e-01
-3.582358956336975098e-01
-3.338112831115722656e-01
-3.157306909561157227e-01
-2.499537914991378784e-01
-2.481274455785751343e-01
-3.509160280227661133e-01
-8.974908292293548584e-02
-2.920267581939697266e-01
-8.646687492728233337e-03
-2.067575007677078247e-01
-3.213241994380950928e-01
-3.067543208599090576e-01
-3.561571836471557617e-01
-2.559479176998138428e-01
-3.518982231616973877e-01
-3.447238504886627197e-01
-2.707889080047607422e-01
-2.332261204719543457e-01
-2.974324822425842285e-01
-3.427496254444122314e-01
-1.494515687227249146e-01
-1.698762923479080200e-01
-4.098037630319595337e-02
-3.330159783363342285e-01
-2.731128633022308350e-01
-2.634643316268920898e-01
-2.591252923011779785e-01
-2.902165949344635010e-01
-2.469607889652252197e-01
-3.336918056011199951e-01
-1.643260717391967773e-01
-2.797023579478263855e-02
-3.456786870956420898e-01
-2.734924554824829102e-01
-3.181284666061401367e-01
-3.029794394969940186e-01
-5.340678989887237549e-02
-2.795610725879669189e-01
-3.195757865905761719e-01
-1.310531646013259888e-01
-2.749522589147090912e-02
-3.190420567989349365e-01
-3.071061670780181885e-01
-2.759249806404113770e-01
-2.903862297534942627e-01
-2.842130959033966064e-01
-3.505396246910095215e-01
-2.750551700592041016e-01
-2.972970604896545410e-01
3.568802773952484131e-01
-4.261079058051109314e-02
-3.172005116939544678e-01
-2.609524130821228027e-01
-3.488936126232147217e-01
-2.435624599456787109e-01
-3.618572652339935303e-01
-2.097731232643127441e-01
4.285569190979003906e-01
-3.455269336700439453e-01
8.256167918443679810e-02
-3.474754393100738525e-01
-2.341823652386665344e-02
-1.201685890555381775e-01
-3.523287773132324219e-01
2.797572501003742218e-02
-1.036907508969306946e-01
-2.988766729831695557e-01
8.228459358215332031e-01
1.933313459157943726e-01
-2.990638315677642822e-01
-9.420816600322723389e-02
-1.870187222957611084e-01
-3.181602060794830322e-01
-3.547185063362121582e-01
-2.972901463508605957e-01
-5.982382595539093018e-02
-3.218540549278259277e-01
-3.284586369991302490e-01
-3.429072210565209389e-03
-1.920779943466186523e-01
2.430276870727539062e-01
4.999455809593200684e-02
-1.892580538988113403e-01
2.652528584003448486e-01
-1.444275677204132080e-01
-2.845807075500488281e-01
6.403920054435729980e-01
-5.775200575590133667e-02
-3.573707640171051025e-01
-3.113362193107604980e-01
-3.438541591167449951e-01
-1.802937686443328857e-01
-1.312050074338912964e-01
-1.911406219005584717e-01
-1.588047146797180176e-01
-2.948845364153385162e-02
-1.737927645444869995e-01
-2.434644848108291626e-01
-2.071714401245117188e-01
3.928051292896270752e-01
-9.370202571153640747e-02
-1.810732334852218628e-01
-2.281943410634994507e-01
-3.011219203472137451e-01
1.659846007823944092e-01
-7.337443530559539795e-02
-2.204895168542861938e-01
-2.990064024925231934e-01
-3.381872475147247314e-01
-1.581579446792602539e-01
-2.742719948291778564e-01
6.776534318923950195e-01
-1.685541123151779175e-01
-3.456757068634033203e-01
-1.794640868902206421e-01
-2.543992102146148682e-01
-2.388841807842254639e-01
-2.289642989635467529e-01
-1.086452752351760864e-01
-3.668618500232696533e-01
2.057026624679565430e-01
-3.356685340404510498e-01
-4.760143160820007324e-02
-2.390529811382293701e-01
-3.491039574146270752e-01
9.980686902999877930e-01
-1.975950896739959717e-01
9.505596943199634552e-03
-3.460292518138885498e-01
-2.258224487304687500e-01
-2.871985137462615967e-01
-3.425106108188629150e-01
-3.057124912738800049e-01
-2.818525135517120361e-01
-2.887761890888214111e-01
-1.608119457960128784e-01
2.819130122661590576e-01
-3.120695650577545166e-01
-2.496702224016189575e-01
-3.507924675941467285e-01
-1.782941818237304688e-01
-3.653794229030609131e-01
-2.715725302696228027e-01
-2.822796106338500977e-01
-2.597698569297790527e-01
